  0.000000000000000E+000
  6.734819026007477E-003
  1.347019464564791E-002
  2.020668339317444E-002
  2.694484168379563E-002
  3.368522575343524E-002
  4.042839159762801E-002
  4.717489490926807E-002
  5.392529101491750E-002
  6.068013480938683E-002
  6.743998068830237E-002
  7.420538247836284E-002
  8.097689336499991E-002
  8.775506581715109E-002
  9.454045150884882E-002
  0.101333601237333     
  0.108135064837403     
  0.114945391091693     
  0.121765127636599     
  0.128594820863545     
  0.135435015815299     
  0.142286256077037     
  0.149149083661869     
  0.156024038890512     
  0.162911660264827     
  0.169812484334923     
  0.176727045559530     
  0.183655876159344     
  0.190599505963059     
  0.197558462245794     
  0.204533269559625     
  0.211524449555952     
  0.218532520799402     
  0.225557998573013     
  0.232601394674423     
  0.239663217202804     
  0.246743970336287     
  0.253844154099638     
  0.260964264121945     
  0.268104791384093     
  0.275266221955822     
  0.282449036722158     
  0.289653711099053     
  0.296880714738040     
  0.304130511219793     
  0.311403557736420     
  0.318700304762425     
  0.326021195714227     
  0.333366666598183     
  0.340737145647099     
  0.348133052945216     
  0.355554800041698     
  0.363002789552699     
  0.370477414752099     
  0.377979059151058     
  0.385508096066546     
  0.393064888179103     
  0.400649787080067     
  0.408263132808600     
  0.415905253378877     
  0.423576464297846     
  0.431277068074044     
  0.439007353717989     
  0.446767596234735     
  0.454558056109247     
  0.462378978785305     
  0.470230594138702     
  0.478113115945609     
  0.486026741346978     
  0.493971650310003     
  0.501948005087658     
  0.509955949677457     
  0.517995609280606     
  0.526067089762833     
  0.534170477118210     
  0.542305836937379     
  0.550473213881657     
  0.558672631164558     
  0.566904090042320     
  0.575167569315139     
  0.583463024840793     
  0.591790389062468     
  0.600149570552600     
  0.608540453574622     
  0.616962897664519     
  0.625416737234154     
  0.633901781198345     
  0.642417812627676     
  0.650964588429079     
  0.659541839056172     
  0.668149268251382     
  0.676786552821842     
  0.685453342451025     
  0.694149259548041     
  0.702873899136495     
  0.711626828784722     
  0.720407588579147     
  0.729215691142447     
  0.738050621698103     
  0.746911838182784     
  0.755798771407941     
  0.764710825271814     
  0.773647377022940     
  0.782607777576074     
  0.791591351881296     
  0.800597399346870     
  0.809625194316276     
  0.818673986599595     
  0.827743002059274     
  0.836831443250048     
  0.845938490112619     
  0.855063300720433     
  0.864205012078711     
  0.873362740974648     
  0.882535584877466     
  0.891722622886794     
  0.900922916727621     
  0.910135511789852     
  0.919359438210283     
  0.928593711994616     
  0.937837336176929     
  0.947089302013832     
  0.956348590210372     
  0.965614172174593     
  0.974885011297485     
  0.984160064254976     
  0.993438282328436     
   1.00271861274014     
   1.01200000000000     
   1.02128138725986     
   1.03056171767156     
   1.03983993574502     
   1.04911498870251     
   1.05838582782541     
   1.06765140978963     
   1.07691069798617     
   1.08616266382307     
   1.09540628800538     
   1.10464056178972     
   1.11386448821015     
   1.12307708327238     
   1.13227737711321     
   1.14146441512253     
   1.15063725902535     
   1.15979498792129     
   1.16893669927957     
   1.17806150988738     
   1.18716855674995     
   1.19625699794073     
   1.20532601340040     
   1.21437480568372     
   1.22340260065313     
   1.23240864811870     
   1.24139222242393     
   1.25035262297706     
   1.25928917472819     
   1.26820122859206     
   1.27708816181722     
   1.28594937830190     
   1.29478430885755     
   1.30359241142085     
   1.31237317121528     
   1.32112610086350     
   1.32985074045196     
   1.33854665754897     
   1.34721344717816     
   1.35585073174862     
   1.36445816094383     
   1.37303541157092     
   1.38158218737232     
   1.39009821880166     
   1.39858326276585     
   1.40703710233548     
   1.41545954642538     
   1.42385042944740     
   1.43220961093753     
   1.44053697515921     
   1.44883243068486     
   1.45709590995768     
   1.46532736883544     
   1.47352678611834     
   1.48169416306262     
   1.48982952288179     
   1.49793291023717     
   1.50600439071939     
   1.51404405032254     
   1.52205199491234     
   1.53002834969000     
   1.53797325865302     
   1.54588688405439     
   1.55376940586130     
   1.56162102121470     
   1.56944194389075     
   1.57723240376527     
   1.58499264628201     
   1.59272293192596     
   1.60042353570215     
   1.60809474662112     
   1.61573686719140     
   1.62335021291993     
   1.63093511182090     
   1.63849190393345     
   1.64602094084894     
   1.65352258524790     
   1.66099721044730     
   1.66844519995830     
   1.67586694705478     
   1.68326285435290     
   1.69063333340182     
   1.69797880428577     
   1.70529969523757     
   1.71259644226358     
   1.71986948878021     
   1.72711928526196     
   1.73434628890095     
   1.74155096327784     
   1.74873377804418     
   1.75589520861591     
   1.76303573587806     
   1.77015584590036     
   1.77725602966371     
   1.78433678279720     
   1.79139860532558     
   1.79844200142699     
   1.80546747920060     
   1.81247555044405     
   1.81946673044037     
   1.82644153775421     
   1.83340049403694     
   1.84034412384066     
   1.84727295444047     
   1.85418751566508     
   1.86108833973517     
   1.86797596110949     
   1.87485091633813     
   1.88171374392296     
   1.88856498418470     
   1.89540517913646     
   1.90223487236340     
   1.90905460890831     
   1.91586493516260     
   1.92266639876267     
   1.92945954849115     
   1.93624493418285     
   1.94302310663500     
   1.94979461752164     
   1.95656001931170     
   1.96331986519061     
   1.97007470898508     
   1.97682510509073     
   1.98357160840237     
   1.99031477424656     
   1.99705515831620     
   2.00379331660683     
   2.01052980535435     
   2.01726518097399     
   2.02400000000000     
