   0.0000000000000000     
   6.2236197419394124E-003
   1.2447627598115130E-002
   1.8672198012001484E-002
   2.4897719128235796E-002
   3.1124579170716427E-002
   3.7352952624758462E-002
   4.3583227804568470E-002
   4.9815793181998025E-002
   5.6050823323352095E-002
   6.2288706848010467E-002
   6.8529832609623309E-002
   7.4774375289211381E-002
   8.1022723940674002E-002
   8.7275267926141264E-002
   9.3532182066894176E-002
   9.9793855971678003E-002
  0.10606067962783605     
  0.11233282801144062     
  0.11861069139455438     
  0.12489466049366493     
  0.13118491044022251     
  0.13748183226329447     
  0.14378581749665553     
  0.15009704141074742     
  0.15641589586748905     
  0.16274277328719799     
  0.16907784904277978     
  0.17542151588380639     
  0.18177416716425077     
  0.18813597829949691     
  0.19450734295716510     
  0.20088865544642909     
  0.20728009113821733     
  0.21368204462063956     
  0.22009491115043245     
  0.22651886593652160     
  0.23295430445824250     
  0.23940162287925881     
  0.24586099609445311     
  0.25233282040947147     
  0.25881749281722799     
  0.26531518770794760     
  0.27182630210883163     
  0.27835123372307136     
  0.28489015620275238     
  0.29144346714761715     
  0.29801156480636504     
  0.30459462181206876     
  0.31119303613910221     
  0.31780720636637927     
  0.32443730377495861     
  0.33108372646215445     
  0.33774687306632423     
  0.34442691312643881     
  0.35112424455218960     
  0.35783926570995428     
  0.36457214394433013     
  0.37132327660265663     
  0.37809306138188647     
  0.38488166291245340     
  0.39168947753497108     
  0.39851690180798327     
  0.40536409705502985     
  0.41223153679798985     
  0.41911937978799996     
  0.42602801949336078     
  0.43295784932084347     
  0.43990902354977157     
  0.44688193307341839     
  0.45387696851665948     
  0.46089427887286538     
  0.46793425171223113     
  0.47499727409791026     
  0.48208348883022856     
  0.48919327931233747     
  0.49632702816805763     
  0.50348487099950523     
  0.51066718609765038     
  0.51787435066642074     
  0.52510649200175896     
  0.53236398223127024     
  0.53964719205076195     
  0.54695623923503778     
  0.55429148858679511     
  0.56165330309372896     
  0.56904178968405228     
  0.57645730456007760     
  0.58390020168634971     
  0.59137057570597129     
  0.59886877282885731     
  0.60639513656405564     
  0.61394974771656008     
  0.62153294099390965     
  0.62914504789903569     
  0.63678613373131698     
  0.64445652006802279     
  0.65215648059327735     
  0.65988619575358287     
  0.66764588430618987     
  0.67543571464307117     
  0.68325598304633806     
  0.69110684602964279     
  0.69898845305171431     
  0.70690108237716176     
  0.71484487025580590     
  0.72281994518653736     
  0.73082656538691060     
  0.73886484475354974     
  0.74693488870832203     
  0.75503693330232036     
  0.76317106790735822     
  0.77133737267373315     
  0.77953605929079917     
  0.78776719036714793     
  0.79603081852620017     
  0.80432712884187341     
  0.81265615487332754     
  0.82101791942127100     
  0.82941257865320761     
  0.83784013476760455     
  0.84630057843015072     
  0.85479403459866132     
  0.86332047180126370     
  0.87187984626780324     
  0.88047224945976632     
  0.88909761395749376     
  0.89775585929755142     
  0.90644704120791841     
  0.91517105411036992     
  0.92392777866984765     
  0.93271723272970330     
  0.94153927044715102     
  0.95039373155552465     
  0.95928059398852072     
  0.96819966967900495     
  0.97715075552948250     
  0.98613378770806959     
  0.99514853415388016     
   1.0041947472450596     
   1.0132723197426610     
   1.0223809740592280     
   1.0315204166073890     
   1.0406904953608844     
   1.0498908859567762     
   1.0591212741518543     
   1.0683813827076500     
   1.0776709189211680     
   1.0869894944476304     
   1.0963367847199494     
   1.1057124495541701     
   1.1151160522924057     
   1.1245472207490126     
   1.1340055671114500     
   1.1434906064391901     
   1.1530019190815797     
   1.1625390699057931     
   1.1721015261905494     
   1.1816888214525447     
   1.1913004740361313     
   1.2009359044434693     
   1.2105946004982406     
   1.2202760353344233     
   1.2299795842070691     
   1.2397046909137948     
   1.2494507852225749     
   1.2592171992095904     
   1.2690033348508887     
   1.2788085809314287     
   1.2886322289584093     
   1.2984736559182382     
   1.3083321702578787     
   1.3182070683302489     
   1.3280976772850883     
   1.3380032707309921     
   1.3479231114557182     
   1.3578564945494291     
   1.3678026627323996     
   1.3777608493321476     
   1.3877303216050338     
   1.3977102957807492     
   1.4076999874110190     
   1.4176986191108762     
   1.4277054068567123     
   1.4377195390538380     
   1.4477402200607985     
   1.4577666493267349     
   1.4677980004529780     
   1.4778334684168331     
   1.4878722307335033     
   1.4979134642102097     
   1.5079563482649851     
   1.5180000574713504     
   1.5280437666729934     
   1.5380866507136060     
   1.5481278841667194     
   1.5581666464503847     
   1.5682021143718476     
   1.5782334654463437     
   1.5882598946512174     
   1.5982805755878458     
   1.6082947077054226     
   1.6183014953625530     
   1.6283001269646142     
   1.6382898184880705     
   1.6482697925480347     
   1.6582392646963175     
   1.6681974511627022     
   1.6781436192036472     
   1.6880770021467739     
   1.6979968427124674     
   1.7079024359910044     
   1.7177930447702634     
   1.7276679426589652     
   1.7375264568069790     
   1.7473678835673585     
   1.7571915313872064     
   1.7669967772530737     
   1.7767829126723083     
   1.7865493264300196     
   1.7962954205024106     
   1.8060205269658220     
   1.8157240755883892     
   1.8254055101678934     
   1.8350642059595552     
   1.8446996360975223     
   1.8543112884056474     
   1.8638985833862673     
   1.8734610393839088     
   1.8829981899154458     
   1.8925095022597767     
   1.9019945412842565     
   1.9114528873384109     
   1.9208840554818967     
   1.9302876579023540     
   1.9396633224143209     
   1.9490106123600952     
   1.9583291875559037     
   1.9676187234348399     
   1.9768788316523096     
   1.9861092195054981     
   1.9953096097561158     
   2.0044796881611333     
   2.0136191303577933     
   2.0227277843200087     
   2.0318053564605858     
   2.0408515691922449     
   2.0498663152762062     
   2.0588493470907898     
   2.0678004325752792     
   2.0767195078979537     
   2.0856063699614853     
   2.0944608306989041     
   2.1032828680440625     
   2.1120723217304542     
   2.1208290459154506     
   2.1295530584425526     
   2.1382442399768538     
   2.1469024849402789     
   2.1555278490609475     
   2.1641202518755698     
   2.1726796259646282     
   2.1812060627897409     
   2.1896995185808885     
   2.1981599618663319     
   2.2065875176040102     
   2.2149821764597379     
   2.2233439406321072     
   2.2316729662887358     
   2.2399692762304517     
   2.2482329040165285     
   2.2564640347209908     
   2.2646627209673675     
   2.2728290253643579     
   2.2809631596014124     
   2.2890652038289296     
   2.2971352474188209     
   2.3051735264222675     
   2.3131801462612289     
   2.3211552208324182     
   2.3290990083534715     
   2.3370116373233616     
   2.3448932439919923     
   2.3527441066240442     
   2.3605643746783231     
   2.3683542046685537     
   2.3761138928769134     
   2.3838436076954421     
   2.3915435678814561     
   2.3992139538815196     
   2.4068550393798147     
   2.4144671459536644     
   2.4220503389025105     
   2.4296049497293319     
   2.4371313131417152     
   2.4446295099447100     
   2.4520998836474082     
   2.4595427804597634     
   2.4669582950249294     
   2.4743467813074878     
   2.4817085955097866     
   2.4890438445600829     
   2.4963528914461035     
   2.5036361009705752     
   2.5108935909083425     
   2.5181257319552377     
   2.5253328962388926     
   2.5325152110552844     
   2.5396730536083623     
   2.5468068021891179     
   2.5539165923996974     
   2.5610028068639403     
   2.5680658289850156     
   2.5751058015632742     
   2.5821231116618852     
   2.5891181468510576     
   2.5960910561241839     
   2.6030422301061513     
   2.6099720596902456     
   2.6168806991558080     
   2.6237686206172226     
   2.6306359814199851     
   2.6374831764380628     
   2.6443106004857340     
   2.6511184148865516     
   2.6579070161990650     
   2.6646768007638935     
   2.6714279332114810     
   2.6781608112387847     
   2.6848758321931463     
   2.6915731634191724     
   2.6982532032832420     
   2.7049163496950501     
   2.7115627721935729     
   2.7181928694171686     
   2.7248070394631512     
   2.7314054536125862     
   2.7379885104443864     
   2.7445566079329238     
   2.7511099187112773     
   2.7576488410281428     
   2.7641737724832618     
   2.7706848867287235     
   2.7771825814677165     
   2.7836672537274394     
   2.7901390778981190     
   2.7965984509726667     
   2.8030457692567268     
   2.8094812076451827     
   2.8159051623016942     
   2.8223180287055936     
   2.8287199820658069     
   2.8351114176390704     
   2.8414927300134858     
   2.8478640945599842     
   2.8542259055877359     
   2.8605785567643576     
   2.8669222235052327     
   2.8732572991643304     
   2.8795841764912193     
   2.8859030308588056     
   2.8922142546874028     
   2.8985182398389262     
   2.9048151615838176     
   2.9111054114558481     
   2.9173893804840807     
   2.9236672437999687     
   2.9299393921199934     
   2.9362062157162159     
   2.9424678895647070     
   2.9487248036528095     
   2.9549773475892640     
   2.9612256961953527     
   2.9674702388332030     
   2.9737113645567113     
   2.9799492480468990     
   2.9861842781574142     
   2.9924168435076357     
   2.9986471186638681     
   3.0048754920979612     
   3.0111023521241203     
   3.0173278732276607     
   3.0235524436324805     
   3.0297764514832171     
   3.0360000000000000     
