  0.000000000000000E+000
  5.759529784528983E-003
  1.151926311175400E-002
  1.727940353687574E-002
  2.304015464009712E-002
  2.880172003911374E-002
  3.456430340158567E-002
  4.032810845759327E-002
  4.609333901206414E-002
  5.186019895717520E-002
  5.762889228470991E-002
  6.339962309838532E-002
  6.917259562612665E-002
  7.494801423229669E-002
  8.072608342985754E-002
  8.650700789248900E-002
  9.229099246661887E-002
  9.807824218339700E-002
  0.103868962270585     
  0.109663358164356     
  0.115461635521017     
  0.121264000228626     
  0.127070658418512     
  0.132881816476681     
  0.138697681055115     
  0.144518459082953     
  0.150344357777533     
  0.156175584655309     
  0.162012347542630     
  0.167854854586367     
  0.173703314264384     
  0.179557935395853     
  0.185418927151399     
  0.191286499063067     
  0.197160861034098     
  0.203042223348533     
  0.208930796680590     
  0.214826792103860     
  0.220730421100259     
  0.226641895568771     
  0.232561427833959     
  0.238489230654217     
  0.244425517229777     
  0.250370501210458     
  0.256324396703123     
  0.262287418278885     
  0.268259780979982     
  0.274241700326370     
  0.280233392322000     
  0.286235073460758     
  0.292246960732073     
  0.298269271626172     
  0.304302224138975     
  0.310346036776615     
  0.316400928559563     
  0.322467119026360     
  0.328544828236935     
  0.334634276775482     
  0.340735685752910     
  0.346849276808827     
  0.352975272113052     
  0.359113894366645     
  0.365265366802424     
  0.371429913184973     
  0.377607757810107     
  0.383799125503794     
  0.390004241620494     
  0.396223332040919     
  0.402456623169191     
  0.408704341929369     
  0.414966715761334     
  0.421243972616022     
  0.427536340949958     
  0.433844049719103     
  0.440167328371978     
  0.446506406842033     
  0.452861515539261     
  0.459232885341029     
  0.465620747582081     
  0.472025334043738     
  0.478446876942211     
  0.484885608916062     
  0.491341763012747     
  0.497815572674235     
  0.504307271721674     
  0.510817094339081     
  0.517345275056027     
  0.523892048729287     
  0.530457650523444     
  0.537042315890389     
  0.543646280547739     
  0.550269780456079     
  0.556913051795063     
  0.563576330938310     
  0.570259854427067     
  0.576963858942619     
  0.583688581277421     
  0.590434258304902     
  0.597201126947931     
  0.603989424145897     
  0.610799386820390     
  0.617631251839432     
  0.624485255980245     
  0.631361635890511     
  0.638260628048093     
  0.645182468719194     
  0.652127393914915     
  0.659095639346180     
  0.666087440376991     
  0.673103031975999     
  0.680142648666329     
  0.687206524473655     
  0.694294892872480     
  0.701407986730584     
  0.708546038251622     
  0.715709278915825     
  0.722897939418787     
  0.730112249608302     
  0.737352438419212     
  0.744618733806253     
  0.751911362674852     
  0.759230550809868     
  0.766576522802219     
  0.773949501973403     
  0.781349710297860     
  0.788777368323160     
  0.796232695087996     
  0.803715908037955     
  0.811227222939042     
  0.818766853788949     
  0.826335012726032     
  0.833931909936002     
  0.841557753556289     
  0.849212749578089     
  0.856897101746061     
  0.864611011455684     
  0.872354677648254     
  0.880128296703514     
  0.887932062329927     
  0.895766165452577     
  0.903630794098715     
  0.911526133280935     
  0.919452364878014     
  0.927409667513405     
  0.935398216431409     
  0.943418183371044     
  0.951469736437622     
  0.959553039972078     
  0.967668254418059     
  0.975815536186821     
  0.983995037519969     
  0.992206906350069     
   1.00045128615920     
   1.00872831583548     
   1.01703812952763     
   1.02538085649760     
   1.03375662097142     
   1.04216554198822     
   1.05060773324761     
   1.05908330295537     
   1.06759235366770     
   1.07613498213402     
   1.08471127913836     
   1.09332132933964     
   1.10196521111076     
   1.11064299637668     
   1.11935475045168     
   1.12810053187584     
   1.13688039225089     
   1.14569437607564     
   1.15454252058106     
   1.16342485556522     
   1.17234140322819     
   1.18129217800716     
   1.19027718641190     
   1.19929642686068     
   1.20834988951704     
   1.21743755612734     
   1.22655939985951     
   1.23571538514308     
   1.24490546751079     
   1.25412959344191     
   1.26338770020760     
   1.27267971571844     
   1.28200555837444     
   1.29136513691777     
   1.30075835028837     
   1.31018508748282     
   1.31964522741667     
   1.32913863879042     
   1.33866517995957     
   1.34822469880881     
   1.35781703263088     
   1.36744200801006     
   1.37709944071081     
   1.38678913557180     
   1.39651088640545     
   1.40626447590344     
   1.41604967554838     
   1.42586624553194     
   1.43571393467965     
   1.44559248038280     
   1.45550160853752     
   1.46544103349140     
   1.47541045799797     
   1.48540957317916     
   1.49543805849611     
   1.50549558172850     
   1.51558179896266     
   1.52569635458876     
   1.53583888130712     
   1.54600900014410     
   1.55620632047750     
   1.56643044007194     
   1.57668094512412     
   1.58695741031835     
   1.59725939889237     
   1.60758646271368     
   1.61793814236640     
   1.62831396724889     
   1.63871345568212     
   1.64913611502895     
   1.65958144182427     
   1.67004892191616     
   1.68053803061799     
   1.69104823287153     
   1.70157898342105     
   1.71212972699824     
   1.72269989851816     
   1.73328892328582     
   1.74389621721359     
   1.75452118704907     
   1.76516323061347     
   1.77582173705021     
   1.78649608708363     
   1.79718565328755     
   1.80788980036354     
   1.81860788542852     
   1.82933925831159     
   1.84008326185963     
   1.85083923225151     
   1.86160649932049     
   1.87238438688452     
   1.88317221308405     
   1.89396929072699     
   1.90477492764035     
   1.91558842702835     
   1.92640908783624     
   1.93723620511979     
   1.94806907041963     
   1.95890697214018     
   1.96974919593274     
   1.98059502508199     
   1.99144374089573     
   2.00229462309714     
   2.01314695021907     
   2.02400000000000     
   2.03485304978093     
   2.04570537690286     
   2.05655625910427     
   2.06740497491802     
   2.07825080406727     
   2.08909302785982     
   2.09993092958038     
   2.11076379488021     
   2.12159091216376     
   2.13241157297165     
   2.14322507235965     
   2.15403070927302     
   2.16482778691595     
   2.17561561311548     
   2.18639350067951     
   2.19716076774849     
   2.20791673814037     
   2.21866074168841     
   2.22939211457148     
   2.24011019963646     
   2.25081434671245     
   2.26150391291637     
   2.27217826294979     
   2.28283676938653     
   2.29347881295093     
   2.30410378278641     
   2.31471107671418     
   2.32530010148185     
   2.33587027300176     
   2.34642101657895     
   2.35695176712847     
   2.36746196938201     
   2.37795107808384     
   2.38841855817573     
   2.39886388497105     
   2.40928654431788     
   2.41968603275111     
   2.43006185763360     
   2.44041353728632     
   2.45074060110763     
   2.46104258968165     
   2.47131905487588     
   2.48156955992806     
   2.49179367952250     
   2.50199099985591     
   2.51216111869288     
   2.52230364541124     
   2.53241820103734     
   2.54250441827150     
   2.55256194150389     
   2.56259042682084     
   2.57258954200203     
   2.58255896650860     
   2.59249839146248     
   2.60240751961720     
   2.61228606532035     
   2.62213375446806     
   2.63195032445162     
   2.64173552409656     
   2.65148911359455     
   2.66121086442820     
   2.67090055928919     
   2.68055799198995     
   2.69018296736912     
   2.69977530119119     
   2.70933482004044     
   2.71886136120958     
   2.72835477258333     
   2.73781491251718     
   2.74724164971163     
   2.75663486308223     
   2.76599444162556     
   2.77532028428156     
   2.78461229979240     
   2.79387040655809     
   2.80309453248921     
   2.81228461485692     
   2.82144060014049     
   2.83056244387266     
   2.83965011048296     
   2.84870357313932     
   2.85772281358811     
   2.86670782199284     
   2.87565859677181     
   2.88457514443478     
   2.89345747941894     
   2.90230562392436     
   2.91111960774911     
   2.91989946812416     
   2.92864524954832     
   2.93735700362332     
   2.94603478888924     
   2.95467867066036     
   2.96328872086164     
   2.97186501786598     
   2.98040764633230     
   2.98891669704464     
   2.99739226675239     
   3.00583445801178     
   3.01424337902859     
   3.02261914350241     
   3.03096187047237     
   3.03927168416452     
   3.04754871384080     
   3.05579309364993     
   3.06400496248003     
   3.07218446381318     
   3.08033174558194     
   3.08844696002792     
   3.09653026356238     
   3.10458181662896     
   3.11260178356859     
   3.12059033248660     
   3.12854763512199     
   3.13647386671907     
   3.14436920590129     
   3.15223383454742     
   3.16006793767007     
   3.16787170329649     
   3.17564532235175     
   3.18338898854432     
   3.19110289825394     
   3.19878725042191     
   3.20644224644371     
   3.21406809006400     
   3.22166498727397     
   3.22923314621105     
   3.23677277706096     
   3.24428409196205     
   3.25176730491200     
   3.25922263167684     
   3.26665028970214     
   3.27405049802660     
   3.28142347719778     
   3.28876944919013     
   3.29608863732515     
   3.30338126619375     
   3.31064756158079     
   3.31788775039170     
   3.32510206058121     
   3.33229072108418     
   3.33945396174838     
   3.34659201326942     
   3.35370510712752     
   3.36079347552635     
   3.36785735133367     
   3.37489696802400     
   3.38191255962301     
   3.38890436065382     
   3.39587260608509     
   3.40281753128081     
   3.40973937195191     
   3.41663836410949     
   3.42351474401976     
   3.43036874816057     
   3.43720061317961     
   3.44401057585410     
   3.45079887305207     
   3.45756574169510     
   3.46431141872258     
   3.47103614105738     
   3.47774014557293     
   3.48442366906169     
   3.49108694820494     
   3.49773021954392     
   3.50435371945226     
   3.51095768410961     
   3.51754234947656     
   3.52410795127071     
   3.53065472494397     
   3.53718290566092     
   3.54369272827833     
   3.55018442732577     
   3.55665823698725     
   3.56311439108394     
   3.56955312305779     
   3.57597466595626     
   3.58237925241792     
   3.58876711465897     
   3.59513848446074     
   3.60149359315797     
   3.60783267162802     
   3.61415595028090     
   3.62046365905004     
   3.62675602738398     
   3.63303328423867     
   3.63929565807063     
   3.64554337683081     
   3.65177666795908     
   3.65799575837951     
   3.66420087449621     
   3.67039224218989     
   3.67657008681503     
   3.68273463319758     
   3.68888610563336     
   3.69502472788695     
   3.70115072319117     
   3.70726431424709     
   3.71336572322452     
   3.71945517176307     
   3.72553288097364     
   3.73159907144044     
   3.73765396322339     
   3.74369777586103     
   3.74973072837383     
   3.75575303926793     
   3.76176492653924     
   3.76776660767800     
   3.77375829967363     
   3.77974021902002     
   3.78571258172112     
   3.79167560329688     
   3.79762949878954     
   3.80357448277022     
   3.80951076934578     
   3.81543857216604     
   3.82135810443123     
   3.82726957889974     
   3.83317320789614     
   3.83906920331941     
   3.84495777665147     
   3.85083913896590     
   3.85671350093693     
   3.86258107284860     
   3.86844206460415     
   3.87429668573562     
   3.88014514541363     
   3.88598765245737     
   3.89182441534469     
   3.89765564222247     
   3.90348154091705     
   3.90930231894489     
   3.91511818352332     
   3.92092934158149     
   3.92673599977137     
   3.93253836447898     
   3.93833664183565     
   3.94413103772942     
   3.94992175781660     
   3.95570900753338     
   3.96149299210751     
   3.96727391657014     
   3.97305198576770     
   3.97882740437387     
   3.98460037690162     
   3.99037110771529     
   3.99613980104283     
   4.00190666098794     
   4.00767189154241     
   4.01343569659842     
   4.01919827996089     
   4.02495984535990     
   4.03072059646312     
   4.03648073688825     
   4.04224047021547     
   4.04800000000000     
