  0.000000000000000E+000
  6.223619741939190E-003
  1.244762759811535E-002
  1.867219801200215E-002
  2.489771912823646E-002
  3.112457917071643E-002
  3.735295262475913E-002
  4.358322780456891E-002
  4.981579318199825E-002
  5.605082332335187E-002
  6.228870684801069E-002
  6.852983260962286E-002
  7.477437528921116E-002
  8.102272394067445E-002
  8.727526792614126E-002
  9.353218206689418E-002
  9.979385597167800E-002
  0.106060679627836     
  0.112332828011441     
  0.118610691394555     
  0.124894660493665     
  0.131184910440223     
  0.137481832263294     
  0.143785817496656     
  0.150097041410747     
  0.156415968226199     
  0.162742773287198     
  0.169077849042780     
  0.175421588531971     
  0.181774167164251     
  0.188135978299497     
  0.194507415927817     
  0.200888655446429     
  0.207280091138218     
  0.213682117946874     
  0.220094911150432     
  0.226518865936522     
  0.232954378173213     
  0.239401622879259     
  0.245860996094453     
  0.252332894546383     
  0.258817492817228     
  0.265315187707947     
  0.271826376700927     
  0.278351233723071     
  0.284890156202752     
  0.291443542228160     
  0.298011564806365     
  0.304594621812069     
  0.311193111741358     
  0.317807206366379     
  0.324437303774958     
  0.331083802619361     
  0.337746873066324     
  0.344426913126439     
  0.351124321297528     
  0.357839265709954     
  0.364572143944330     
  0.371323353969209     
  0.378093061381886     
  0.384881662912453     
  0.391689555555679     
  0.398516901807983     
  0.405364097055030     
  0.412231536797989     
  0.419119379788000     
  0.426028019493361     
  0.432957849320843     
  0.439909023549772     
  0.446881933073419     
  0.453876968516659     
  0.460894278872866     
  0.467934251712231     
  0.474997274097910     
  0.482083488830229     
  0.489193279312337     
  0.496327028168057     
  0.503484870999505     
  0.510667186097651     
  0.517874350666421     
  0.525106492001759     
  0.532363982231270     
  0.539647192050762     
  0.546956239235038     
  0.554291488586795     
  0.561653303093729     
  0.569041789684052     
  0.576457304560078     
  0.583900201686350     
  0.591370575705972     
  0.598868772828857     
  0.606395136564055     
  0.613949747716559     
  0.621532940993910     
  0.629145047899035     
  0.636786133731316     
  0.644456520068022     
  0.652156524737639     
  0.659886195753583     
  0.667645839818818     
  0.675435759303770     
  0.683255983046338     
  0.691106801018825     
  0.698988498239254     
  0.706901082377162     
  0.714844824711693     
  0.722819990910422     
  0.730826565386911     
  0.738864798667364     
  0.746934934976949     
  0.755036933302320     
  0.763171021271500     
  0.771337419494285     
  0.779536059290799     
  0.787767143175309     
  0.796030865904527     
  0.804327128841874     
  0.812656107120610     
  0.821017967361777     
  0.829412578653207     
  0.837840086450636     
  0.846300626935672     
  0.854794034598661     
  0.863320422918317     
  0.871879895339492     
  0.880472249459767     
  0.889097564508607     
  0.897755908934755     
  0.906447041207919     
  0.915171004097459     
  0.923927828870000     
  0.932717232729703     
  0.941539219874123     
  0.950393782314031     
  0.959280593988521     
  0.968199618551863     
  0.977150806839620     
  0.986133787708070     
  0.995148482480817     
   1.00419479909788     
   1.01327231974266     
   1.02238092185072     
   1.03152046899165     
   1.04069049536088     
   1.04989083322564     
   1.05912130060290     
   1.06838138270765     
   1.07767086568263     
   1.08698952114956     
   1.09633678471995     
   1.10571239582591     
   1.11511607923598     
   1.12454722074901     
   1.13400551291360     
   1.14349063361393     
   1.15300191908158     
   1.16253901526094     
   1.17210155358475     
   1.18168882145254     
   1.19130041896930     
   1.20093593204423     
   1.21059460049824     
   1.22027597987302     
   1.22997961200029     
   1.23970469091379     
   1.24945072939628     
   1.25921722718007     
   1.26900333485089     
   1.27880852477211     
   1.28863225708985     
   1.29847364182759     
   1.30833211379946     
   1.31820709660538     
   1.32809766312558     
   1.33800321400926     
   1.34792313985634     
   1.35785648033029     
   1.36780260578485     
   1.37776087783926     
   1.38773030733590     
   1.39771023864634     
   1.40770000885645     
   1.41769860480170     
   1.42770534957564     
   1.43771956054915     
   1.44774020572180     
   1.45776659194020     
   1.46779802198263     
   1.47783345046883     
   1.48787217328339     
   1.49791348396274     
   1.50795632940797     
   1.51800000000000     
   1.52804378553001     
   1.53808674588489     
   1.54812782671661     
   1.55816666439839     
   1.56820220766702     
   1.57823340805980     
   1.58825990899022     
   1.59828066873421     
   1.60829465042436     
   1.61830150967173     
   1.62830021989482     
   1.63828976135366     
   1.64826980681717     
   1.65823935021767     
   1.66819739421515     
   1.67814363342278     
   1.68807708734864     
   1.69799678599074     
   1.70790245015052     
   1.71779312959565     
   1.72766788620054     
   1.73752647089763     
   1.74736796796168     
   1.75719147522789     
   1.76699677725307     
   1.77678299658373     
   1.78654927060372     
   1.79629542050241     
   1.80602061034549     
   1.81572402012698     
   1.82540551016789     
   1.83506428876182     
   1.84469958103070     
   1.85431128840565     
   1.86389866556888     
   1.87346098473906     
   1.88299818991545     
   1.89250958378400     
   1.90199448708640     
   1.91145288733841     
   1.92088413631262     
   1.93028760417409     
   1.93966332241432     
   1.94901069246589     
   1.95832913431737     
   1.96761872343484     
   1.97687891100543     
   1.98610916677436     
   1.99530960975612     
   2.00447974054539     
   2.01361907814928     
   2.02272778432001     
   2.03180540831341     
   2.04085151751918     
   2.04986631527621     
   2.05884939840092     
   2.06780038144814     
   2.07671950789795     
   2.08560642071999     
   2.09446078012588     
   2.10328286804406     
   2.11207237193060     
   2.12082899590254     
   2.12955305844255     
   2.13824428961405     
   2.14690243549139     
   2.15552784906095     
   2.16412030094725     
   2.17267957708168     
   2.18120606278974     
   2.18969956708641     
   2.19815991354936     
   2.20658751760401     
   2.21498222440024     
   2.22334389287939     
   2.23167296628874     
   2.23996932360878     
   2.24823285682469     
   2.25646403472099     
   2.26466276778792     
   2.27282897872850     
   2.28096315960141     
   2.28906525009755     
   2.29713520133264     
   2.30517352642227     
   2.31318019198511     
   2.32115517528831     
   2.32909900835347     
   2.33701168251090     
   2.34489319898118     
   2.35274410662404     
   2.36056441933902     
   2.36835416018118     
   2.37611389287691     
   2.38384365183980     
   2.39154347993198     
   2.39921395388152     
   2.40685512665866     
   2.41446705900609     
   2.42205033890251     
   2.42960503602272     
   2.43713122717114     
   2.44462950994471     
   2.45209996898116     
   2.45954269543992     
   2.46695829502493     
   2.47434686570870     
   2.48170851141321     
   2.48904384456008     
   2.49635297494297     
   2.50363601776873     
   2.51089359090834     
   2.51812581457689     
   2.52533281390235     
   2.53251521105528     
   2.53967313538478     
   2.54680672068766     
   2.55391659239970     
   2.56100288782579     
   2.56806574828777     
   2.57510580156327     
   2.58212319184043     
   2.58911806692658     
   2.59609105612418     
   2.60304230953314     
   2.60997198050664     
   2.61688069915581     
   2.62376862061722     
   2.63063590294497     
   2.63748317643806     
   2.64431060048573     
   2.65111833708755     
   2.65790701619907     
   2.66467680076389     
   2.67142785605567     
   2.67816081123878     
   2.68487583219315     
   2.69157308687356     
   2.69825320328324     
   2.70491634969505     
   2.71156269622504     
   2.71819286941717     
   2.72480703946315     
   2.73140537818793     
   2.73798851044439     
   2.74455660793292     
   2.75110984379725     
   2.75764884102814     
   2.76417377248326     
   2.77068481229205     
   2.77718258146772     
   2.78366725372744     
   2.79013900390555     
   2.79659845097267     
   2.80304576925673     
   2.80948113406348     
   2.81590516230169     
   2.82231802870559     
   2.82871990886178     
   2.83511141763907     
   2.84149273001349     
   2.84786402170050     
   2.85422590558774     
   2.86057855676436     
   2.86692215095722     
   2.87325729916433     
   2.87958417649122     
   2.88590295858925     
   2.89221425468740     
   2.89851823983893     
   2.90481508955978     
   2.91110541145585     
   2.91738938048408     
   2.92366717198856     
   2.92993939211999     
   2.93620621571622     
   2.94246781793311     
   2.94872480365281     
   2.95497734758926     
   2.96122562471079     
   2.96747023883320     
   2.97371136455671     
   2.97994917667665     
   2.98618427815741     
   2.99241684350763     
   2.99864704737524     
   3.00487549209796     
   3.01110235212412     
   3.01732780198800     
   3.02355244363248     
   3.02977645148322     
   3.03600000000000     
